anode_ocv_table_start
4=col
0x558fb1db=crc
0.740453734596626889, 0.511578080312581673, 0.405487458288473379
0.333000800362548643, 0.278342958956354081, 0.237364548311914253
0.221610326651708434, 0.217302920065651661, 0.215023985713262922
0.213004253837206503, 0.210325709664197613, 0.207155122500157052
0.202223635862395945, 0.194002098978572596, 0.186024439816642462
0.179239457847841982, 0.173162216658526436, 0.166737086036486348
0.161542689505494053, 0.156565208328082628, 0.152377223206205809
0.147602666982136782, 0.144140244348660657, 0.141172738408283038
0.138749962724015186, 0.137188449578595606, 0.136220854329781593
0.134899475069434671, 0.134400892767783775, 0.133625421043099435
0.132879085351306325, 0.132484183575846737, 0.131941329822463815
0.131558297382921630, 0.131271935886045910, 0.130927705760653657
0.130679316662295097, 0.130383151676000508, 0.130221747895756745
0.129636414387443666, 0.129495807891084919, 0.129195487998767844
0.128947286145355583, 0.128536989618924152, 0.128115875792901512
0.127638604439067105, 0.127144293705218236, 0.126604003570681634
0.126044552523172815, 0.125137138307104906, 0.123812987733702112
0.122152424215542926, 0.119659735051222862, 0.115581055311202413
0.109718616460577983, 0.104229182446588492, 0.100812807270137000
0.098053621343150515, 0.096435705205515421, 0.095034117302063459
0.094059807076293439, 0.093305163959053014, 0.092775918288593481
0.092336385527350767, 0.092000717582875452, 0.091729646817400326
0.091871951995974949, 0.091383195531982708, 0.091426478425297997
0.090883080906384750, 0.091027990862682484, 0.090592965549493504
0.090472701115854037, 0.090610624070684029, 0.090555168169371231
0.090303289736552730, 0.089989078170038470, 0.089859273394298056
0.089593278909868582, 0.089457954498037062, 0.089212801073588255
0.089038443562881903, 0.089094038133506970, 0.088693662698858727
0.088761564371993007, 0.088435960267847141, 0.088225197481494821
0.087851773908309921, 0.087389870134425729, 0.086761456296583966
0.086317238552856876, 0.085543561275569141, 0.084680490099439121
0.083582710848485453, 0.081793040474201828, 0.079343601184863513
0.075394489561955380, 0.069460324969753906, 0.059629764169224206
0.042497686161935153, 0.016782510000000000, 0.866251436696659161
0.566293268258269866, 0.442545636181085056, 0.360945932878847686
0.300591119767305237, 0.253742098652183112, 0.223669881904758061
0.217636308613446627, 0.215386547630128322, 0.213830847008045721
0.211839017410479086, 0.209313627655397350, 0.205390364604150444
0.197742119873322242, 0.189640521446059251, 0.182702576225193036
0.176274314726620196, 0.169474762199056578, 0.163708964711059696
0.159119574372468181, 0.154792217983962282, 0.150282118806278259
0.145975357656680627, 0.142911533178649020, 0.140101064026855987
0.137429462863482621, 0.135536891718859270, 0.134155510396148675
0.132846184517308452, 0.131917399767366467, 0.131118596137975774
0.130226426582960852, 0.129724569940187467, 0.129343512923982579
0.128939833950030308, 0.128708123775435335, 0.128482554515292585
0.127902792306839902, 0.127671667689812501, 0.127415351585460523
0.127184923995508570, 0.126899881282851151, 0.126674485336869147
0.126313447312500660, 0.126022979769928156, 0.125702570171114358
0.125269280488435664, 0.124932146550922607, 0.124176875008216892
0.123430347417701508, 0.122566711061427233, 0.121242220528584854
0.118958479260218769, 0.115288783484253587, 0.109142501425809058
0.102028229370931256, 0.097535628256878407, 0.095195090455786169
0.093643120604248287, 0.092748652917282542, 0.092158362998947210
0.091776503531613762, 0.091435903556146850, 0.091054822884324871
0.090882711349129439, 0.090702862722450775, 0.090677613995360173
0.090377066929437477, 0.090365616204374236, 0.090013846559519495
0.090033167643973622, 0.089861381778456456, 0.089807217099161382
0.089568076711473321, 0.089540898320561169, 0.089284521552380480
0.089167488513327078, 0.089123794089279035, 0.088763912050547858
0.088897451876229994, 0.088689932292093238, 0.088380522354420302
0.088413231921734378, 0.088065151670369685, 0.088094786335932374
0.087770224069433231, 0.087577341062927222, 0.087250881257426638
0.086938838845896968, 0.086452326418090600, 0.085978927234723126
0.085285980202877310, 0.084514837347558339, 0.083566216229348581
0.081734217089956263, 0.079208073832925385, 0.075574099579368711
0.068938712937389193, 0.057735969492475649, 0.038485739734925542
0.013939239737457913, 0.877124187500000096, 0.570040702595964954
0.445213162660348050, 0.362912333559130940, 0.302312834095095795
0.255402453527945328, 0.223908334559636962, 0.217355355828403818
0.215124222125849918, 0.213287919473192478, 0.211605852908965303
0.209158142121109725, 0.205687423213296555, 0.197959122145421162
0.189776573614326427, 0.182960216222246480, 0.176294526289200004
0.169691651131556098, 0.164092696861306286, 0.159601148323719910
0.155050484392742410, 0.150623695747388014, 0.146715936902554356
0.143772841335358448, 0.140943107311343935, 0.137992178340413107
0.135599745083284373, 0.133484389187498498, 0.131252572400002293
0.129706431892484514, 0.128573459659545808, 0.127941697745283689
0.127297304449683929, 0.126889223227705877, 0.126573385018640350
0.126253225346119768, 0.125965091914917393, 0.125878542719660036
0.125546096235395116, 0.125291388763146688, 0.125015205297121401
0.124700919906566621, 0.124461712867454416, 0.124188727244316649
0.123897357985903081, 0.123766060937176209, 0.123195300372231836
0.122774558732396927, 0.122355213260006798, 0.121472274755743181
0.120703746707019124, 0.119239128516003559, 0.116856199055802523
0.112813929517039210, 0.106200815582757901, 0.100069898540049537
0.095880295705450688, 0.093670203972060551, 0.092605639899593903
0.091804275521496087, 0.091384039315968391, 0.090984125520438885
0.090720124192122956, 0.090435089657632348, 0.090335497791421526
0.090127252819020010, 0.089966073212238790, 0.089776987823998664
0.089619153911820945, 0.089561661610704085, 0.089492099850197626
0.089265955062793639, 0.089194441472204095, 0.089039302027787245
0.088963583168638061, 0.088986329574679723, 0.088901038669181601
0.088744641581202890, 0.088513696726143676, 0.088462750582139038
0.088414139934669872, 0.088311998848805515, 0.088262069504028859
0.088052980327315455, 0.087892601240803003, 0.087876549059544701
0.087515560820737040, 0.087361314874823182, 0.087003445181490335
0.086831777494717793, 0.086480374386342901, 0.085774151436370599
0.085033857759115428, 0.083987849159494365, 0.082328105088907755
0.079596478235376258, 0.074755048725654069, 0.066457843375640854
0.052113170318080146, 0.031516845532408758, 0.011313209125000001
0.876424283489925293, 0.578303705678884228, 0.453126749530441908
0.370458329505769290, 0.309304174471985605, 0.262127905111850856
0.227419627475889508, 0.218347860311713160, 0.215679353520917827
0.213735141828296227, 0.211806676316988907, 0.209536933362609479
0.206277031533743299, 0.200495656378333859, 0.191829130299058820
0.184784389724032855, 0.178283846354373748, 0.171776011684416391
0.166231898946611084, 0.161421841765616331, 0.156432033609474636
0.151903087298029288, 0.149176059916302589, 0.146288841731881752
0.143077593624624688, 0.139845782800093243, 0.136956584455451252
0.134502318385516073, 0.132262966666926302, 0.129808418371376605
0.127983815097081982, 0.126820969639100639, 0.125839764510845553
0.125327244525563430, 0.124668571369616718, 0.124348451765952370
0.123953331060371805, 0.123751521599032424, 0.123370583549581692
0.123019946621980750, 0.122853868396555932, 0.122512029347050397
0.122278656985771103, 0.122088464924233364, 0.121842116371677259
0.121508473945586837, 0.121166339027156386, 0.120701205431356443
0.120198145769228340, 0.119429218694691433, 0.118569016215252773
0.116897208466624200, 0.113752862728128609, 0.109110335397539795
0.105368017794727042, 0.102968127203720658, 0.099444944073229569
0.096336876287223303, 0.093935118632960335, 0.092745590802474645
0.091892956201867368, 0.091303570213672150, 0.090870126193857925
0.090345820116604650, 0.090139600269587117, 0.089833573887946758
0.089744448811215127, 0.089606897711572306, 0.089400399678669903
0.089401252419479424, 0.089237851903202436, 0.088978878703140543
0.089011761153176314, 0.088872677442009954, 0.088761528262237155
0.088531259336095111, 0.088562043498324292, 0.088462875644939487
0.088378637859938783, 0.088242898122377109, 0.088229349559044212
0.088123903074514717, 0.088067085434543210, 0.087836599634910140
0.087648215557188200, 0.087529818768555812, 0.087155718186655351
0.087086962103011464, 0.086807696263390979, 0.086362881878187484
0.085904975041654605, 0.085462386226198450, 0.084627611920281676
0.083474581311154150, 0.081707549211611719, 0.079074601228691546
0.074139784202080575, 0.066690685936751842, 0.055033890973596844
0.037370675824509945, 0.015119632346521916
anode_ocv_table_end
weight_table_start
4=col
0x71bb490c=crc
0.53148688627355989, 0.50388885124618477, 0.47990241730841471
0.45952758446024955, 0.44276435270168901, 0.42904119026492227
0.41941374135286152, 0.41527829454603421, 0.41606753662261708
0.42236085143420016, 0.42802273335653074, 0.43057578089043103
0.43113300986406994, 0.42989307772481805, 0.42731958199941772
0.42402666511487130, 0.42088701305022802, 0.41816493972961516
0.41522748554220767, 0.41203205325446129, 0.40889023503106986
0.40581538034565406, 0.40293400306286820, 0.40059132273344344
0.39880523320123679, 0.39757741302153493, 0.39696251817419831
0.39684048825911844, 0.39702843644840324, 0.39748566597182666
0.39818218813733475, 0.39915630862036072, 0.40034586332248040
0.40160844193361778, 0.40310916184223605, 0.40462042498224265
0.40606534663310218, 0.40758544037018635, 0.40919651879184399
0.41094717905343536, 0.41261264561789451, 0.41436771306338577
0.41607962883801763, 0.41776045567970610, 0.41936164320558506
0.42103633409720792, 0.42271515769650303, 0.42435404519342340
0.42585435066254024, 0.42721145168255392, 0.42854965668250339
0.42983246855905394, 0.43116467753411347, 0.43254494493715900
0.43398449443320769, 0.43536326490595262, 0.43672679820401578
0.43810033396585218, 0.43947386972768843, 0.44084740548952500
0.44222094125136130, 0.44359447701319726, 0.44496801277503384
0.44634154853687003, 0.44771508429870638, 0.44908862006054279
0.45046215582237903, 0.45183569158421538, 0.45320922734605179
0.45458276310788803, 0.45595629886972427, 0.45732983463156063
0.45870337039339693, 0.46007690615523311, 0.46145044191706974
0.46282397767890604, 0.46419751344074212, 0.46557104920257875
0.46694458496441499, 0.46831812072625101, 0.46969165648808742
0.47106519224992377, 0.47243872801176040, 0.47381226377359636
0.47518579953543266, 0.47655933529726918, 0.47793287105910520
0.47930640682094167, 0.48067994258277813, 0.48205347834461471
0.48342701410645056, 0.48480054986828708, 0.48617408563012349
0.48754762139195967, 0.48892115715379608, 0.49029469291563244
0.49166822867746868, 0.49304176443930503, 0.49441530020114138
0.49578883596297774, 0.49716237172481431, 0.56889008767074267
0.53620704393252316, 0.50746588307490681, 0.48266660509789355
0.46180921000148317, 0.44565606672072389, 0.43181393872184076
0.42378150344097415, 0.42258998560561145, 0.42629016552210802
0.43199997283217789, 0.43608943738012979, 0.43750431795443245
0.43648293919946829, 0.43374653339245794, 0.43007061180066325
0.42586656037633275, 0.42209142937494754, 0.41859190990678996
0.41465262678241238, 0.41031668644047226, 0.40561067127708877
0.40060235479899159, 0.39574302956068619, 0.39194347996380952
0.38959406111448014, 0.38836298709247102, 0.38760219968893100
0.38744126010443480, 0.38763249916739489, 0.38800824149700736
0.38905638837375983, 0.39059999517960403, 0.39251808717555398
0.39469447606903085, 0.39714997295446353, 0.39977997448016850
0.40262400388343617, 0.40555050763008799, 0.40865143566806883
0.41175243664325778, 0.41483032773402012, 0.41786744981296181
0.42080689189731596, 0.42387991632621624, 0.42685772650139553
0.42973387888619197, 0.43245127027866576, 0.43500481558636089
0.43733581509460778, 0.43942690563828624, 0.44057260427143730
0.43906200168255860, 0.43414683716083047, 0.42668881077568888
0.41865999101225143, 0.41204601351889497, 0.40863351989827096
0.40886639472619235, 0.41151427173994420, 0.41493472005557847
0.41866613560518501, 0.42283966863947664, 0.42740784815996052
0.43221471843233727, 0.43726041061209553, 0.44232772580239643
0.44741485343443743, 0.45227423455654836, 0.45714804925298680
0.46207441291792933, 0.46688800559679233, 0.47163205959674065
0.47611895203484900, 0.48042936002866832, 0.48434908774538088
0.48802699930901222, 0.49143295648248442, 0.49450704276498852
0.49746375263462328, 0.50038325588507060, 0.50337450967039221
0.50637933342448971, 0.50934360981274307, 0.51242129464073127
0.51540596692548546, 0.51840996246026616, 0.52141395799504697
0.52441795352982745, 0.52742194906460826, 0.53042594459938885
0.53342994013416944, 0.53643393566895015, 0.53943793120373074
0.54244192673851155, 0.54544592227329258, 0.54844991780807295
0.55145391334285365, 0.55445790887763446, 0.55746190441241517
0.56046589994719620, 0.57080700169978604, 0.53635011238941310
0.50661999325256779, 0.48161664428925005, 0.46134006549945961
0.44745070971121348, 0.43561175025309046, 0.42956460236657334
0.43031300802682021, 0.43572395662108127, 0.44124996892857032
0.44437105836022767, 0.44507820874376319, 0.44391918821712906
0.44085776297007412, 0.43611172872887594, 0.43065104022509904
0.42511387117568128, 0.41985042085526070, 0.41470524830005429
0.41025212115061260, 0.40632938011477543, 0.40254100687000854
0.39904040146239073, 0.39606122461140142, 0.39325905578609865
0.39091838954210428, 0.38873234813518126, 0.38716859940678189
0.38609398295603287, 0.38555524290111443, 0.38554846353555455
0.38597466912490502, 0.38668150125703787, 0.38739370590078970
0.38811200024961756, 0.38895142116060666, 0.38976557297014924
0.39049056139963956, 0.39121367927188594, 0.39182854437764658
0.39245420779501428, 0.39296265935855879, 0.39362378971037543
0.39422474722384615, 0.39471745862122043, 0.39526767446856115
0.39573982988728085, 0.39618729135480818, 0.39654150348650885
0.39664209026808689, 0.39571757999520113, 0.39270784941952347
0.38754397104596933, 0.38045467412882245, 0.37300183019906397
0.36783613401533222, 0.36553305470814557, 0.36589518053098041
0.36799013983655232, 0.37074769097565108, 0.37306941457058751
0.37511783870275428, 0.37831695896124012, 0.38241435186240608
0.38687907156976253, 0.39216813493133179, 0.39795946613276384
0.40379832149707384, 0.40995107034894823, 0.41636575746604593
0.42304220769607248, 0.42993130372993182, 0.43697799808383314
0.44416760302605085, 0.45146199053108960, 0.45870443554317064
0.46584341424371745, 0.47284116808211679, 0.47954905417444615
0.48606827160380145, 0.49209826348523716, 0.49799930448787999
0.50381856754276355, 0.50966485079986101, 0.51561532488400730
0.52157934576222076, 0.52767910617205493, 0.53364386468080860
0.53958533392917385, 0.54555220523324710, 0.55151907653732035
0.55748594784139360, 0.56345281914546708, 0.56941969044953999
0.57538656175361347, 0.58135343305768683, 0.58732030436176008
0.59328717566583344, 0.59925404696990670, 0.60522091827398017
0.63000249718402446, 0.59011043863719903, 0.55559150685818537
0.52644570184698269, 0.50267302360359156, 0.48558456547233425
0.47146876321004205, 0.46431813417489726, 0.46491601956107903
0.47031282517675183, 0.47671017088901152, 0.48036471313230350
0.48144663091823331, 0.47953773885935941, 0.47535256078305410
0.46981130946446042, 0.46317251723100883, 0.45628130805473355
0.44978979539937719, 0.44312247896876700, 0.43662420155930015
0.43058551715443999, 0.42540779615204954, 0.42048970684465742
0.41576200784302247, 0.40969548634704733, 0.40611620453306502
0.40474895043058623, 0.40486011179771475, 0.40556111416913421
0.40605907684658799, 0.40546953966819937, 0.40283504988990759
0.40072014622426194, 0.39940884424478185, 0.39813735883654688
0.39701727871728559, 0.39591222758627670, 0.39490428920387016
0.39390028027305851, 0.39276225029466982, 0.39166513948159382
0.39057157056417652, 0.38946379107573237, 0.38837527016355355
0.38726478366075429, 0.38615955273261782, 0.38506405019141210
0.38400406149679706, 0.38281964959833459, 0.38074877037715926
0.37701801666177498, 0.37191243186692774, 0.36604642177905372
0.35972141951984382, 0.35327527615407972, 0.34750803743423109
0.34245284204308862, 0.33787303253678952, 0.33409691194718882
0.33167713174647062, 0.32997739516378988, 0.32688846249343628
0.32625726667202015, 0.32928207872530046, 0.33471665260101136
0.34004724841485273, 0.34577669876014788, 0.35569462170502386
0.36692543458599797, 0.37903371368625183, 0.39346872593404170
0.40643209792753676, 0.41541900697999395, 0.42001454141025285
0.42596875087069647, 0.43191929972252180, 0.43718808621579736
0.44162643823102965, 0.44502941290539644, 0.44786120481170660
0.45053793102686385, 0.45322171009495205, 0.45619122873013790
0.45937316941887285, 0.46269176454399963, 0.46561172627947744
0.46864623082039841, 0.47168073536131938, 0.47471523990224007
0.47774974444316076, 0.48078424898408151, 0.48381875352500214
0.48685325806592300, 0.48988776260684369, 0.49292226714776460
0.49595677168868518, 0.49899127622960621, 0.50202578077052706
0.50506028531144787, 0.50809478985236889
weight_table_end
origin_ocv_table_start
4=col
0x750998ed=crc
3.1353475000000000, 3.3850247913377620, 3.4972433856107372
3.5736022557976947, 3.6307490811449998, 3.6736840302691567
3.6911910872112754, 3.6960078569306258, 3.6990453191153927
3.7017222305439752, 3.7047532233167342, 3.7086908771722875
3.7141853162534590, 3.7231444083341820, 3.7316652160178054
3.7389031951607965, 3.7456029303637459, 3.7527300904083063
3.7588656929837434, 3.7643006303503119, 3.7697324870841817
3.7753227755921044, 3.7803917644172289, 3.7846576190165520
3.7884565193931135, 3.7918677979194046, 3.7949884037722015
3.7980829977640136, 3.8009990624751984, 3.8041161641700620
3.8072539047342717, 3.8105122761693853, 3.8139759968171703
3.8175455373597282, 3.8212972391573068, 3.8252085237866904
3.8292907619844097, 3.8335646318475622, 3.8379815436403364
3.8425454822025955, 3.8473416989669937, 3.8523535381692748
3.8574682489779497, 3.8628873219667188, 3.8683786506051603
3.8741607349908200, 3.8802440914545233, 3.8864849809002355
3.8930740438493121, 3.9000542101209570, 3.9075443120865705
3.9156593205151715, 3.9248734487743295, 3.9358511033877077
3.9490631569525441, 3.9623514052563853, 3.9737449300677561
3.9841771323410198, 3.9940764604540373, 4.0036381257271945
4.0130829015243616, 4.0225691303034932, 4.0320867148660167
4.0417657765710029, 4.0516385738504592, 4.0617238688760171
4.0719359608839154, 4.0822602615503278, 4.0928784255035762
4.1035058681152687, 4.1144844934918066, 4.1254898361397725
4.1366182538449330, 4.1479633694666447, 4.1594115841821226
4.1709618962313986, 4.1826421001968290, 4.1944810440828864
4.2063751643099323, 4.2183403637784638, 4.2303273079427566
4.2424350261739789, 4.2545391562255102, 4.2666128916040638
4.2786375341548304, 4.2905346317254391, 4.3023651500664624
4.3139186733763388, 4.3253093325338865, 4.3365736520110696
4.3474380993406259, 4.3582606857997828, 4.3688556964160954
4.3794460850539743, 4.3901839572134875, 4.4013008796856754
4.4133345294790969, 4.4273079629358509, 4.4450095530473757
4.4696204527846000, 4.5040374999999999, 3.0241681250000001
3.3372041706065314, 3.4645839950179647, 3.5482777093847915
3.6101574816792783, 3.6579164969003113, 3.6887662661719642
3.6954318771256394, 3.6980764885834625, 3.7002161172074475
3.7024720162471638, 3.7052548454297423, 3.7095083097602131
3.7178450498042528, 3.7264904770325877, 3.7338813346395856
3.7409889007961259, 3.7485153087104761, 3.7552176011603766
3.7606338572931826, 3.7660070717964085, 3.7718050461043782
3.7775534551634831, 3.7823796916109562, 3.7869593926446874
3.7914154901194834, 3.7953864809390874, 3.7990859880816701
3.8027036045580322, 3.8062707784503766, 3.8098261325380389
3.8133895068212325, 3.8169564747559330, 3.8206478317911907
3.8244589429645157, 3.8284063851978738, 3.8325208499945695
3.8367271712886621, 3.8411462449905520, 3.8456666386239857
3.8503936850814000, 3.8552690632229711, 3.8603551291993976
3.8655914367416031, 3.8710765106905551, 3.8767087771539392
3.8826148656697770, 3.8887629165422659, 3.8952106628770986
3.9020486684627613, 3.9093404951892960, 3.9173264003277777
3.9264187923366261, 3.9374443968866411, 3.9511622221513187
3.9658522105456298, 3.9779881645591244, 3.9881700780283968
3.9974670819252269, 4.0066037657897740, 4.0157258991856688
4.0249447934583706, 4.0343505710507195, 4.0439369277067403
4.0537736628398289, 4.0637094706463479, 4.0739179250889119
4.0842144273946470, 4.0947393076371723, 4.1054794692417760
4.1163436335510060, 4.1273703936269950, 4.1384804188901541
4.1498032763956330, 4.1612929048305984, 4.1728586904595879
4.1845380279086859, 4.1963198428865782, 4.2081713727790406
4.2201072395508410, 4.2320884522906637, 4.2440888885965196
4.2561035230823281, 4.2680428401938348, 4.2799370330280357
4.2916896561086677, 4.3033229413789993, 4.3147251759199508
4.3259460251873882, 4.3369228456931426, 4.3476976279170021
4.3583093291519859, 4.3687245427357393, 4.3792140266434654
4.3898753856230179, 4.4009936008702280, 4.4132548974686241
4.4278665885897652, 4.4468911391226698, 4.4736151472997818
4.5063392499999999, 3.0233569999999999, 3.3363224676148242
3.4628097588707671, 3.5459590489723549, 3.6073736263029978
3.6548438671005981, 3.6868744228099048, 3.6939691898819684
3.6965231148420772, 3.6985502770761922, 3.7006302248918947
3.7032652819909613, 3.7073289695734273, 3.7154845875493843
3.7241180581020852, 3.7315153652069188, 3.7388005286714940
3.7463759879353074, 3.7529116548600356, 3.7584650888880917
3.7642495054338876, 3.7701641305090021, 3.7755113425629747
3.7802238670953878, 3.7851080375251405, 3.7900312192219001
3.7945947852321549, 3.7990253793044255, 3.8037692744644427
3.8079625548413611, 3.8116909872818776, 3.8152014954713422
3.8188214680003822, 3.8224677271647902, 3.8262175336190816
3.8301549709177127, 3.8341864609151131, 3.8383406273990919
3.8426643467431258, 3.8471950178387861, 3.8518639994863570
3.8567023049030160, 3.8617569572273704, 3.8669626225115890
3.8724140524148574, 3.8781152884877224, 3.8840301464818476
3.8901921996109610, 3.8967132231512687, 3.9035760507194737
3.9109706732049379, 3.9191344861105462, 3.9285147783448191
3.9401271172692467, 3.9541307782309838, 3.9679509314984864
3.9795438514923420, 3.9893822466975051, 3.9984306543420640
4.0073801635123667, 4.0163598674625351, 4.0254722537977017
4.0347669673359094, 4.0442980564670501, 4.0539943775280269
4.0639323526780249, 4.0739791762359081, 4.0842933327698567
4.0947270497396184, 4.1053517675020039, 4.1161546027580611
4.1270298481101095, 4.1381432679037129, 4.1493127784996808
4.1606522764155454, 4.1721348816451425, 4.1837178738251630
4.1953195153188965, 4.2070718028874596, 4.2188865021174706
4.2306763517143207, 4.2425431169782728, 4.2543984625541000
4.2661682608097848, 4.2778705877151006, 4.2894843165497498
4.3009513480125898, 4.3122304468041062, 4.3232917717644996
4.3341404609692455, 4.3448274923041756, 4.3553172487093184
4.3657396209160382, 4.3762301158360524, 4.3870365379251508
4.3987025120822052, 4.4120363782701535, 4.4287345466720192
4.4510354085261703, 4.4793141527635996, 4.5072831250000007
3.0223936666666664, 3.3242465448617380, 3.4506377185098902
3.5339640487953670, 3.5956660802401381, 3.6435965284037217
3.6786026315792064, 3.6881696154693846, 3.6911181315522161
3.6932502792235637, 3.6953364784717881, 3.6979134489159193
3.7016431483697843, 3.7082180710717889, 3.7173316041341367
3.7251376159529990, 3.7325662400799771, 3.7400007751743298
3.7467804165160743, 3.7531313570444937, 3.7595081980572913
3.7654525121277378, 3.7701196988870360, 3.7749012951089314
3.7801920264934128, 3.7856810474715608, 3.7909891370448601
3.7958371059384954, 3.8012887320238598, 3.8067491605318025
3.8113623883930541, 3.8155492535898006, 3.8195457406594984
3.8235768797402976, 3.8276680270562822, 3.8318733706692210
3.8361888539879412, 3.8407036022339667, 3.8453386821984519
3.8502177436435585, 3.8551869356115769, 3.8604245430492927
3.8657820797590188, 3.8714061892471725, 3.8772737265140873
3.8833205314883670, 3.8896401055741916, 3.8962461270748059
3.9031683010123088, 3.9105605887867156, 3.9185331312324272
3.9275190154545316, 3.9381445854736921, 3.9504525519138087
3.9615869003108757, 3.9723293062603759, 3.9845668527309930
3.9961935837084961, 4.0064618565578813, 4.0161642545266751
4.0256996401135234, 4.0353472539619704, 4.0450736903641999
4.0549744403498531, 4.0650372837171203, 4.0753199665356261
4.0856929021607034, 4.0962500164548015, 4.1069983555764855
4.1178930374897620, 4.1289353414764589, 4.1401018161948295
4.1514165627800388, 4.1628616602413180, 4.1743656854208551
4.1860155048951304, 4.1976732949479594, 4.2094547738894814
4.2212031263811243, 4.2330563741741321, 4.2448421596724319
4.2565604419384426, 4.2682457997450740, 4.2797770664558312
4.2912621500053003, 4.3024510588993907, 4.3135218207020305
4.3243581368406625, 4.3349949989245911, 4.3453805257483848
4.3555452898878269, 4.3655392532497901, 4.3755464548622163
4.3854890203956769, 4.3958896428783163, 4.4069784250078179
4.4195200822569509, 4.4346062685551848, 4.4535937833450454
4.4782145628974783, 4.5072308333333337
origin_ocv_table_end
temp_break_points_table_start
4=col
0x57b4fd9b=crc
10.0, 20.0, 30.0, 40.0
temp_break_points_table_end
max_limit_list_table_start
12=col
0x39ce5146=crc
5.0, 50.0, 5.0, 1.0, 0.0, 0.0, 0.0, 0.0, 30.0, 24.0, 23.0, 24.0
max_limit_list_table_end
min_limit_list_table_start
12=col
0x477658ed=crc
2.5, 10.0, 0.5, 0.0, 0.0, 0.0, 0.0, 0.0, -30.0, 0.9, 0.9, 0.9
min_limit_list_table_end
initial_charge_current_table_start
6=col
0x0=crc
0.0, 0.0, 0.0, 0.0, 0.0, 0.0
initial_charge_current_table_end
max_voltage_table_start
4=col
0x5a3f4378=crc
4.35, 4.40, 4.45, 4.50
max_voltage_table_end
controller_parameters_table_start
4=col
0x9ecc8b04=crc
10.0, 3.0, 15.0, 15.0
controller_parameters_table_end
soc_bp_3_table_start
4=col
0x47395cc6=crc
0.0, 0.33333333333333331, 0.66666666666666663, 1.0
soc_bp_3_table_end
